./dados/hv-bet-1/b2.txt
0.409472
0.288196
0.269817
0.272462
0.321488
0.227452
0.281573
0.279567
0.267732
0.297376
0.226188
0.276766
0.263134
0.355191
0.233886
0.267724
0.371973
0.326513
0.265668
0.383487
0.217707
0.270083
0.223955
0.273095
0.402341
0.236703
0.448809
0.253743
0.264329
0.256141


./dados/hv-bet-1/b2.txt~
0.409472
0.288196
0.269817
0.272462
0.321488
0.227452
0.281573
0.279567
0.267732
0.297376
0.226188
0.276766
0.263134
0.355191
0.233886
0.267724
0.371973
0.326513
0.265668
3.608349
0.223955
0.273095
0.402341
0.236703
0.448809
0.253743
0.264329
0.256141


./dados/hv-bet-1/gn.txt
0.278151
0.261139
0.261831
0.293313
0.265505
0.237513
0.234994
0.265037
0.271590
0.293204
0.258579
0.277720
0.284936
0.283336
0.275502
0.305427
0.248999
0.293313
0.208071
0.202572
0.269031
0.247461
0.268426
0.258178
0.259894
0.237819
0.268426
0.270947
0.277275
0.285902


./dados/hv-bet-1/gn.txt~


