
14.0, 28.0
10.0, 29.0

14.0, 28.0
10.0, 29.0

14.0, 28.0
10.0, 29.0

14.0, 28.0
10.0, 30.0

14.0, 28.0
10.0, 29.0

14.0, 28.0
10.0, 29.0

14.0, 28.0
10.0, 29.0

14.0, 28.0
10.0, 29.0

14.0, 28.0
10.0, 29.0

14.0, 28.0
10.0, 29.0

14.0, 28.0
10.0, 29.0

14.0, 28.0
9.0, 29.0

14.0, 28.0
10.0, 29.0

14.0, 28.0
10.0, 29.0

14.0, 28.0
10.0, 29.0

14.0, 28.0
10.0, 29.0

14.0, 28.0
10.0, 29.0

14.0, 28.0
10.0, 29.0

14.0, 28.0
10.0, 29.0

14.0, 28.0
10.0, 29.0

8.0, 28.0

14.0, 28.0
10.0, 29.0

14.0, 28.0
10.0, 29.0

14.0, 28.0
10.0, 29.0

14.0, 28.0
10.0, 29.0

14.0, 28.0
9.0, 29.0

14.0, 28.0
10.0, 29.0

14.0, 28.0
10.0, 29.0

14.0, 28.0
10.0, 29.0

14.0, 28.0
10.0, 29.0
