0.0039447732	1
1	0.04
0.3353057199	0.72
0.5897435897	0.4
0.8047337278	0.08
0.1400394477	0.76
0.134122288	0.8
0.0216962525	0.84
0.6863905325	0.16
0.6134122288	0.2
0.7317554241	0.12
0.0157790927	0.88
0.607495069	0.24
0.5976331361	0.32
0.0098619329	0.92
0.5917159763	0.36
0.6015779093	0.28
0.0059171598	0.96

0.0039447732	1
1	0.04
0.3353057199	0.72
0.5857988166	0.4
0.1400394477	0.76
0.8047337278	0.08
0.134122288	0.8
0.0216962525	0.84
0.6863905325	0.16
0.6134122288	0.2
0.7317554241	0.12
0.6015779093	0.28
0.5936883629	0.32
0.607495069	0.24
0.0157790927	0.88
0.5877712032	0.36
0.0098619329	0.92
0.0059171598	0.96

0.0039447732	1
1	0
0.3353057199	0.68
0.5897435897	0.4
0.1400394477	0.76
0.9980276134	0.04
0.8047337278	0.08
0.134122288	0.8
0.0216962525	0.84
0.6863905325	0.16
0.6134122288	0.2
0.7317554241	0.12
0.5976331361	0.32
0.0157790927	0.88
0.607495069	0.24
0.5917159763	0.36
0.0098619329	0.92
0.6015779093	0.28
0.0059171598	0.96

0.0039447732	1
1	0.04
0.3353057199	0.72
0.5897435897	0.4
0.8047337278	0.08
0.1400394477	0.76
0.134122288	0.8
0.0216962525	0.84
0.7278106509	0.12
0.6863905325	0.16
0.6134122288	0.2
0.5956607495	0.36
0.0157790927	0.88
0.607495069	0.24
0.6015779093	0.28
0.0098619329	0.92
0.5996055227	0.32
0.0059171598	0.96

1	0
0.0019723866	0.96
0.3353057199	0.68
0.5857988166	0.4
0.1400394477	0.72
0.8047337278	0.04
0.1282051282	0.8
0.0157790927	0.84
0.6863905325	0.16
0.6094674556	0.2
0.8007889546	0.08
0.7278106509	0.12
0.0098619329	0.88
0.6035502959	0.24
0.5917159763	0.36
0.5976331361	0.28
0.0039447732	0.92
0.5936883629	0.32

0.0039447732	1
1	0.04
0.3353057199	0.72
0.58382643	0.4
0.8047337278	0.08
0.1400394477	0.76
0.134122288	0.8
0.0216962525	0.84
0.6863905325	0.16
0.7317554241	0.12
0.6134122288	0.2
0.5976331361	0.32
0.5897435897	0.36
0.0157790927	0.88
0.607495069	0.24
0.0098619329	0.92
0.6015779093	0.28
0.0059171598	0.96

0.0039447732	1
1	0.04
0.3353057199	0.72
0.5917159763	0.36
0.8047337278	0.08
0.1400394477	0.76
0.134122288	0.8
0.0216962525	0.84
0.6863905325	0.16
0.6134122288	0.2
0.7317554241	0.12
0.607495069	0.24
0.0157790927	0.88
0.5976331361	0.32
0.6015779093	0.28
0.0098619329	0.92
0.0059171598	0.96

0.0039447732	1
0.9960552268	0.04
0.3313609467	0.72
0.5897435897	0.4
0.1360946746	0.76
0.8007889546	0.08
0.134122288	0.8
0.0216962525	0.84
0.6863905325	0.16
0.7278106509	0.12
0.6134122288	0.2
0.0157790927	0.88
0.607495069	0.24
0.5976331361	0.32
0.6015779093	0.28
0.0098619329	0.92
0.5917159763	0.36
0.0059171598	0.96

0.0039447732	1
1	0
0.3353057199	0.72
0.5897435897	0.4
0.1400394477	0.76
0.9980276134	0.04
0.8047337278	0.08
0.134122288	0.8
0.0216962525	0.84
0.7278106509	0.12
0.6863905325	0.16
0.6134122288	0.2
0.0157790927	0.88
0.5956607495	0.36
0.607495069	0.24
0.0098619329	0.92
0.6015779093	0.28
0.5996055227	0.32
0.0059171598	0.96

1	0.04
0.0039447732	0.96
0.3353057199	0.72
0.5956607495	0.32
0.8007889546	0.08
0.1360946746	0.76
0.1301775148	0.8
0.0216962525	0.84
0.6863905325	0.16
0.6134122288	0.2
0.7278106509	0.12
0.6035502959	0.24
0.0118343195	0.88
0.5976331361	0.28
0.0059171598	0.92

0.0039447732	1
1	0.04
0.3313609467	0.72
0.5897435897	0.4
0.8007889546	0.08
0.1360946746	0.76
0.124260355	0.84
0.0157790927	0.88
0.6863905325	0.16
0.7278106509	0.12
0.6134122288	0.2
0.1301775148	0.8
0.607495069	0.24
0.5976331361	0.32
0.6015779093	0.28
0.0098619329	0.92
0.5917159763	0.36
0.0059171598	0.96

0.0039447732	1
1	0.04
0.3353057199	0.72
0.5976331361	0.32
0.1400394477	0.76
0.8047337278	0.08
0.134122288	0.8
0.0216962525	0.84
0.6863905325	0.16
0.7317554241	0.12
0.6134122288	0.2
0.607495069	0.24
0.0157790927	0.88
0.6015779093	0.28
0.0098619329	0.92
0.0059171598	0.96

0.0039447732	1
1	0.04
0.3353057199	0.72
0.5976331361	0.32
0.8047337278	0.08
0.1400394477	0.76
0.134122288	0.8
0.0216962525	0.84
0.6863905325	0.16
0.6094674556	0.2
0.7278106509	0.12
0.607495069	0.24
0.5996055227	0.28
0.0157790927	0.88
0.0098619329	0.92
0.0059171598	0.96

0.0039447732	1
0.9230769231	0.04
0.3313609467	0.72
0.5897435897	0.4
0.7278106509	0.08
0.1360946746	0.76
0.134122288	0.8
0.0177514793	0.84
0.6824457594	0.16
0.6094674556	0.2
0.7258382643	0.12
0.607495069	0.24
0.0157790927	0.88
0.5976331361	0.32
0.0098619329	0.92
0.5917159763	0.36
0.6015779093	0.28
0.0059171598	0.96

0.0039447732	1
1	0.04
0.3353057199	0.72
0.5976331361	0.32
0.8047337278	0.08
0.1400394477	0.76
0.134122288	0.8
0.0216962525	0.84
0.6863905325	0.16
0.6094674556	0.2
0.7278106509	0.12
0.607495069	0.24
0.5996055227	0.28
0.0157790927	0.88
0.0098619329	0.92
0.0059171598	0.96

0	1
0.9960552268	0.04
0.3313609467	0.72
0.5956607495	0.32
0.1360946746	0.76
0.8007889546	0.08
0.124260355	0.84
0.0118343195	0.88
0.6824457594	0.16
0.6094674556	0.2
0.7278106509	0.12
0.6035502959	0.24
0.1301775148	0.8
0.0059171598	0.92
0.5976331361	0.28
0.0019723866	0.96

0	1
0.9960552268	0.04
0.3313609467	0.72
0.5857988166	0.4
0.8007889546	0.08
0.1360946746	0.76
0.1301775148	0.8
0.0177514793	0.84
0.6824457594	0.16
0.7278106509	0.12
0.6094674556	0.2
0.5936883629	0.32
0.6035502959	0.24
0.0118343195	0.88
0.5976331361	0.28
0.5877712032	0.36
0.0059171598	0.92
0.0019723866	0.96

0.0039447732	1
0.9230769231	0.04
0.3313609467	0.72
0.5897435897	0.4
0.7278106509	0.08
0.1360946746	0.76
0.134122288	0.8
0.0177514793	0.84
0.6824457594	0.16
0.6094674556	0.2
0.7258382643	0.12
0.607495069	0.24
0.0157790927	0.88
0.5976331361	0.32
0.0098619329	0.92
0.5917159763	0.36
0.6015779093	0.28
0.0059171598	0.96

0.0039447732	1
1	0.04
0.3353057199	0.72
0.5897435897	0.4
0.1400394477	0.76
0.8047337278	0.08
0.134122288	0.8
0.0216962525	0.84
0.6863905325	0.16
0.6134122288	0.2
0.7317554241	0.12
0.5976331361	0.32
0.0157790927	0.88
0.607495069	0.24
0.5917159763	0.36
0.6015779093	0.28
0.0098619329	0.92
0.0059171598	0.96

0.0039447732	1
1	0.04
0.3353057199	0.72
0.5956607495	0.32
0.8047337278	0.08
0.1400394477	0.76
0.134122288	0.8
0.0216962525	0.84
0.6863905325	0.16
0.7317554241	0.12
0.6134122288	0.2
0.607495069	0.24
0.5976331361	0.28
0.0157790927	0.88
0.0098619329	0.92
0.0059171598	0.96

0.0039447732	1
1	0
0.3353057199	0.68
0.5897435897	0.4
0.1400394477	0.72
0.8047337278	0.04
0.1321499014	0.8
0.0216962525	0.84
0.6863905325	0.16
0.7317554241	0.08
0.6134122288	0.2
0.7258382643	0.12
0.5976331361	0.32
0.0157790927	0.88
0.607495069	0.24
0.134122288	0.76
0.6015779093	0.28
0.5917159763	0.36
0.0098619329	0.92
0.0059171598	0.96

0.0039447732	1
1	0.04
0.3353057199	0.72
0.5877712032	0.36
0.8047337278	0.08
0.1400394477	0.76
0.134122288	0.8
0.0216962525	0.84
0.6863905325	0.16
0.6134122288	0.2
0.7317554241	0.12
0.6015779093	0.28
0.5936883629	0.32
0.607495069	0.24
0.0157790927	0.88
0.0098619329	0.92
0.0059171598	0.96

0.0039447732	1
0.9270216963	0.04
0.3353057199	0.72
0.5956607495	0.36
0.7317554241	0.08
0.1400394477	0.76
0.134122288	0.8
0.0216962525	0.84
0.6863905325	0.16
0.6134122288	0.2
0.7297830375	0.12
0.607495069	0.24
0.0157790927	0.88
0.0098619329	0.92
0.6015779093	0.28
0.0059171598	0.96
0.5976331361	0.32

0.0039447732	1
1	0
0.3353057199	0.72
0.5897435897	0.4
0.1400394477	0.76
0.9980276134	0.04
0.8047337278	0.08
0.134122288	0.8
0.0216962525	0.84
0.7278106509	0.12
0.6863905325	0.16
0.6134122288	0.2
0.0157790927	0.88
0.5956607495	0.36
0.607495069	0.24
0.0098619329	0.92
0.6015779093	0.28
0.5996055227	0.32
0.0059171598	0.96

1	0.04
0.0039447732	1
0.3353057199	0.72
0.5996055227	0.32
0.1400394477	0.76
0.8047337278	0.08
0.134122288	0.8
0.0216962525	0.84
0.6863905325	0.16
0.7317554241	0.12
0.6134122288	0.2
0.607495069	0.24
0.0157790927	0.88
0.0098619329	0.92
0.6015779093	0.28
0.0059171598	0.96

0.0039447732	1
1	0.04
0.3353057199	0.72
0.5897435897	0.4
0.8047337278	0.08
0.1400394477	0.76
0.134122288	0.8
0.0216962525	0.84
0.6863905325	0.16
0.7317554241	0.12
0.6134122288	0.2
0.0157790927	0.88
0.5956607495	0.36
0.607495069	0.24
0.0098619329	0.92
0.6015779093	0.28
0.5996055227	0.32
0.0059171598	0.96

0.0039447732	1
1	0.04
0.3353057199	0.72
0.5897435897	0.4
0.1400394477	0.76
0.8047337278	0.08
0.134122288	0.8
0.0216962525	0.84
0.6863905325	0.16
0.7317554241	0.12
0.6134122288	0.2
0.5996055227	0.32
0.5917159763	0.36
0.0157790927	0.88
0.607495069	0.24
0.6015779093	0.28
0.0098619329	0.92
0.0059171598	0.96

0.0039447732	1
0.9960552268	0.04
0.3313609467	0.72
0.5897435897	0.4
0.1360946746	0.76
0.8007889546	0.08
0.134122288	0.8
0.0216962525	0.84
0.6863905325	0.16
0.7278106509	0.12
0.6134122288	0.2
0.607495069	0.24
0.5976331361	0.32
0.0157790927	0.88
0.0098619329	0.92
0.6015779093	0.28
0.5917159763	0.36
0.0059171598	0.96

1	0.04
0.0019723866	0.96
0.3353057199	0.72
0.5897435897	0.4
0.8047337278	0.08
0.1400394477	0.76
0.1301775148	0.8
0.0216962525	0.84
0.6863905325	0.16
0.7317554241	0.12
0.6134122288	0.2
0.0098619329	0.92
0.5976331361	0.32
0.607495069	0.24
0.0157790927	0.88
0.5917159763	0.36
0.6015779093	0.28

0.0039447732	1
1	0.04
0.3353057199	0.72
0.5897435897	0.4
0.1400394477	0.76
0.8047337278	0.08
0.134122288	0.8
0.0216962525	0.84
0.6863905325	0.16
0.6134122288	0.2
0.7317554241	0.12
0.5956607495	0.36
0.607495069	0.24
0.0157790927	0.88
0.6015779093	0.28
0.0098619329	0.92
0.5996055227	0.32
0.0059171598	0.96
