./dados/hv-bet-2/b2.txt
0.515045
0.516623
0.525702
0.514966
0.544420
0.517018
0.514414
0.515834
0.515445
0.514414
0.511732
0.512284
0.512678
0.522225
0.512678
0.511061
0.518872
0.522225
0.515045
0.513231
0.544715
0.515992
0.518911
0.515445
0.511495
0.514808
0.514966
0.515834
0.515380
0.514808


./dados/hv-bet-2/b2.txt~


./dados/hv-bet-2/gn.txt
0.515045
0.504868
0.515045
0.514651
0.514808
0.514966
0.512994
0.530982
0.512836
0.539424
0.515045
0.514808
0.515045
0.515045
0.514966
0.517964
0.514887
0.498083
0.515045
0.515045
0.515045
0.513231
0.514887
0.510627
0.514335
0.515045
0.515045
0.515045
0.515045
0.512994


./dados/hv-bet-2/gn.txt~


