
43.111111111111114	 577.0
45.1	 570.0

43.111111111111114	 544.0
45.1	 537.0

47.1	 528.0
49.1	 520.0

43.1	 543.0
41.111111111111114	 547.0

34.166666666666664	 579.0
36.142857142857146	 571.0

42.1	 559.0

43.111111111111114	 556.0
45.1	 548.0

36.142857142857146	 556.0

43.1	 558.0
45.09090909090909	 551.0

41.111111111111114	 550.0
45.1	 540.0
43.1	 541.0

41.125	 568.0
43.111111111111114	 561.0

44.111111111111114	 550.0
46.111111111111114	 542.0
44.125	 548.0

43.1	 557.0

49.111111111111114	 546.0
37.111111111111114	 590.0
39.111111111111114	 556.0
47.111111111111114	 552.0
49.1	 548.0

45.1	 571.0
41.111111111111114	 609.0
43.1	 581.0
43.111111111111114	 578.0

51.1	 524.0
53.1	 514.0

51.1	 534.0
55.1	 517.0
55.09090909090909	 519.0
53.09090909090909	 527.0
51.111111111111114	 532.0
53.111111111111114	 524.0
53.1	 525.0

43.125	 606.0
47.142857142857146	 573.0
47.125	 575.0

89.14285714285714	 263.0
36.125	 595.0
45.1	 564.0
43.111111111111114	 571.0
38.125	 594.0

47.1	 554.0
49.09090909090909	 529.0

51.1	 572.0
46.111111111111114	 587.0

43.1	 547.0

47.1	 636.0
50.1	 571.0
50.09090909090909	 573.0
48.111111111111114	 595.0
47.125	 632.0
48.1	 597.0
47.111111111111114	 634.0

51.1	 533.0
51.09090909090909	 534.0

41.111111111111114	 556.0
43.1	 547.0

39.09090909090909	 530.0
34.111111111111114	 544.0
39.083333333333336	 532.0
36.125	 534.0
36.111111111111114	 536.0
34.125	 542.0

34.142857142857146	 594.0
43.111111111111114	 573.0
38.125	 586.0
36.125	 587.0

41.111111111111114	 559.0
39.125	 565.0
41.1	 562.0

40.125	 612.0
47.111111111111114	 568.0
46.111111111111114	 586.0
47.1	 571.0

50.09090909090909	 591.0
47.111111111111114	 645.0
48.1	 615.0
