
14.0, 28.0
10.0, 29.0

14.0, 28.0
10.0, 29.0

14.0, 28.0
10.0, 29.0

14.0, 28.0
10.0, 29.0

14.0, 28.0
10.0, 29.0

14.0, 28.0
10.0, 29.0

14.0, 28.0
10.0, 29.0

14.0, 28.0
10.0, 29.0

14.0, 28.0
10.0, 29.0

14.0, 28.0
10.0, 29.0

14.0, 28.0
10.0, 29.0

14.0, 28.0
10.0, 29.0

14.0, 28.0
10.0, 29.0

14.0, 28.0
10.0, 30.0

14.0, 28.0
10.0, 29.0

14.0, 28.0
10.0, 29.0

14.0, 28.0
10.0, 29.0

14.0, 28.0
10.0, 29.0

14.0, 28.0
10.0, 29.0

14.0, 28.0
10.0, 30.0

14.0, 28.0
10.0, 29.0

14.0, 28.0
10.0, 29.0

14.0, 28.0
10.0, 29.0

14.0, 28.0
10.0, 29.0

14.0, 28.0
10.0, 29.0

14.0, 28.0
10.0, 29.0

14.0, 28.0
10.0, 29.0

14.0, 28.0
8.0, 30.0
10.0, 29.0

14.0, 28.0
10.0, 29.0

12.0, 28.0
8.0, 29.0
